0 0.073438 0.068750 0.103125 0.131250
0 0.214062 0.076563 0.109375 0.128125
0 0.368750 0.081250 0.087500 0.125000
0 0.493750 0.070312 0.093750 0.121875
0 0.637500 0.067187 0.093750 0.128125
0 0.789062 0.076563 0.090625 0.128125
0 0.925000 0.065625 0.093750 0.125000
0 0.935937 0.214062 0.096875 0.128125
0 0.903125 0.346875 0.087500 0.118750
0 0.781250 0.204687 0.106250 0.121875
0 0.642188 0.210938 0.090625 0.115625
0 0.498437 0.207813 0.121875 0.128125
0 0.362500 0.218750 0.093750 0.125000
0 0.215625 0.218750 0.093750 0.125000
0 0.062500 0.212500 0.106250 0.118750
0 0.065625 0.359375 0.100000 0.125000
0 0.195312 0.351562 0.115625 0.134375
0 0.359375 0.356250 0.106250 0.131250
0 0.492188 0.354687 0.103125 0.121875
0 0.643750 0.357812 0.100000 0.121875
0 0.778125 0.357812 0.100000 0.128125
0 0.923438 0.492188 0.115625 0.121875
0 0.778125 0.489063 0.093750 0.121875
0 0.645312 0.500000 0.109375 0.143750
0 0.493750 0.498437 0.087500 0.134375
0 0.354687 0.501563 0.115625 0.134375
0 0.217188 0.493750 0.109375 0.131250
0 0.073438 0.501563 0.128125 0.134375
0 0.071875 0.631250 0.100000 0.125000
0 0.209375 0.640625 0.087500 0.118750
0 0.359375 0.643750 0.106250 0.137500
0 0.492188 0.642188 0.084375 0.128125
0 0.635938 0.642188 0.115625 0.128125
0 0.776563 0.640625 0.096875 0.137500
0 0.923438 0.640625 0.103125 0.125000
0 0.950000 0.785937 0.100000 0.140625
0 0.928125 0.920312 0.125000 0.128125
0 0.790625 0.792188 0.112500 0.140625
0 0.632812 0.784375 0.121875 0.131250
0 0.498437 0.779687 0.103125 0.128125
0 0.348438 0.782813 0.121875 0.128125
0 0.218750 0.784375 0.118750 0.131250
0 0.090625 0.784375 0.093750 0.131250
0 0.081250 0.926562 0.106250 0.121875
0 0.217188 0.921875 0.109375 0.131250
0 0.348438 0.928125 0.084375 0.131250
0 0.503125 0.921875 0.100000 0.131250
0 0.631250 0.931250 0.112500 0.137500
0 0.771875 0.931250 0.112500 0.137500
