1 0.080826 0.344184 0.061728 0.141493
1 0.194348 0.317998 0.063079 0.133681
1 0.281925 0.367477 0.070409 0.130208
1 0.285204 0.267940 0.054977 0.115741
1 0.351177 0.230035 0.043017 0.102431
1 0.385417 0.325810 0.048997 0.107060
1 0.536362 0.405961 0.066165 0.135995
1 0.447242 0.254051 0.043789 0.096644
1 0.511863 0.234664 0.046875 0.115741
1 0.570795 0.309751 0.047454 0.110243
1 0.625096 0.273003 0.043017 0.110243
1 0.703704 0.201678 0.047454 0.112269
1 0.690297 0.336950 0.043017 0.104456
1 0.757041 0.296875 0.043017 0.115741
1 0.846451 0.345341 0.046682 0.134549
1 0.948495 0.353009 0.052083 0.116898
