0 0.110672 0.494975 0.142292 0.276382
0 0.454545 0.502513 0.102767 0.221106
0 0.656126 0.570352 0.134387 0.256281
0 0.940711 0.457286 0.118577 0.231156
0 0.968379 0.261307 0.063241 0.170854
0 0.865613 0.110553 0.063241 0.150754
0 0.770751 0.138191 0.071146 0.125628
0 0.501976 0.233668 0.094862 0.155779
0 0.407115 0.384422 0.086957 0.165829
0 0.274704 0.193467 0.083004 0.145729
0 0.181818 0.075377 0.071146 0.140704
0 0.110672 0.035176 0.063241 0.060302
0 0.324111 0.032663 0.063241 0.055276
1 0.766798 0.366834 0.102767 0.190955
1 0.318182 0.336683 0.083004 0.170854
1 0.525692 0.092965 0.079051 0.125628
1 0.970356 0.103015 0.059289 0.125628
