0 0.907692 0.464286 0.051282 0.107143
0 0.657692 0.466071 0.043590 0.089286
0 0.666667 0.350000 0.046154 0.078571
0 0.465385 0.439286 0.048718 0.114286
0 0.256410 0.387500 0.046154 0.089286
0 0.121795 0.366071 0.048718 0.096429
0 0.471795 0.207143 0.035897 0.057143
0 0.517949 0.157143 0.015385 0.042857
0 0.666667 0.221429 0.030769 0.057143
0 0.348718 0.192857 0.015385 0.035714
1 0.406410 0.230357 0.023077 0.046429
1 0.574359 0.210714 0.030769 0.057143
1 0.566667 0.150000 0.025641 0.050000
1 0.588462 0.333929 0.038462 0.075000
1 0.306410 0.219643 0.033333 0.060714
1 0.224359 0.216071 0.023077 0.053571
