1 0.900000 0.120455 0.040000 0.186364
1 0.861563 0.314773 0.036875 0.197727
1 0.821562 0.182955 0.034375 0.197727
1 0.771563 0.307955 0.025625 0.184091
1 0.673125 0.193182 0.041250 0.181818
1 0.626563 0.173864 0.035625 0.188636
1 0.632188 0.504545 0.039375 0.172727
1 0.514062 0.430682 0.034375 0.161364
1 0.501563 0.107955 0.039375 0.211364
1 0.435000 0.161364 0.035000 0.231818
1 0.450625 0.553409 0.033750 0.211364
1 0.283125 0.190909 0.038750 0.222727
1 0.240000 0.356818 0.032500 0.154545
1 0.210000 0.198864 0.032500 0.175000
1 0.139063 0.306818 0.033125 0.168182
1 0.072813 0.234091 0.039375 0.177273
