1 0.208000 0.517241 0.074000 0.128936
1 0.372000 0.426537 0.042000 0.094453
1 0.126000 0.472264 0.058000 0.092954
1 0.041000 0.598201 0.068000 0.122939
1 0.087500 0.819340 0.061000 0.118441
1 0.241500 0.890555 0.067000 0.122939
1 0.347000 0.809595 0.062000 0.134933
1 0.460000 0.595952 0.076000 0.124438
1 0.257000 0.349325 0.068000 0.125937
1 0.174000 0.211394 0.060000 0.137931
1 0.034000 0.224888 0.066000 0.125937
1 0.088000 0.032984 0.054000 0.062969
1 0.254000 0.035982 0.056000 0.062969
1 0.372500 0.161169 0.055000 0.118441
1 0.453000 0.312594 0.062000 0.118441
1 0.506500 0.469265 0.055000 0.140930
1 0.628500 0.467766 0.055000 0.107946
1 0.643500 0.640180 0.061000 0.140930
1 0.569500 0.856822 0.059000 0.109445
1 0.707500 0.887556 0.059000 0.140930
1 0.831000 0.769865 0.068000 0.151424
1 0.979500 0.616942 0.041000 0.160420
1 0.929500 0.323838 0.065000 0.152924
1 0.790500 0.363568 0.071000 0.136432
1 0.742500 0.179160 0.069000 0.121439
1 0.610000 0.169415 0.060000 0.128936
1 0.513500 0.130435 0.051000 0.116942
1 0.536000 0.034483 0.048000 0.065967
1 0.662000 0.051724 0.058000 0.094453
1 0.761500 0.028486 0.047000 0.053973
1 0.844500 0.101199 0.045000 0.115442
1 0.881500 0.168666 0.055000 0.115442
1 0.988000 0.104198 0.024000 0.121439
1 0.946000 0.021739 0.040000 0.040480
