1 0.308437 0.579444 0.086875 0.190000
1 0.487500 0.545000 0.040000 0.096667
1 0.686562 0.585000 0.071875 0.152222
1 0.759687 0.749444 0.085625 0.187778
1 0.888750 0.723333 0.072500 0.173333
1 0.967812 0.895556 0.064375 0.208889
1 0.966562 0.592778 0.061875 0.145556
1 0.825000 0.626667 0.071250 0.140000
1 0.872812 0.556667 0.058125 0.117778
1 0.545000 0.548333 0.048750 0.118889
1 0.473750 0.666111 0.055000 0.127778
1 0.116875 0.542778 0.047500 0.103333
1 0.528438 0.346111 0.028125 0.063333
1 0.619687 0.345000 0.021875 0.052222
1 0.663438 0.362778 0.021875 0.058889
1 0.507188 0.465556 0.036875 0.086667
1 0.401875 0.372778 0.023750 0.052222
1 0.397500 0.417222 0.015000 0.041111
1 0.594375 0.335556 0.016250 0.037778
1 0.938438 0.461667 0.021875 0.065556
