1 0.146667 0.275000 0.033333 0.060000
1 0.085000 0.361250 0.030000 0.062500
1 0.078333 0.530000 0.030000 0.060000
1 0.087500 0.682500 0.028333 0.055000
1 0.141667 0.613750 0.036667 0.057500
1 0.205833 0.696250 0.038333 0.052500
1 0.271667 0.611250 0.026667 0.062500
1 0.345833 0.698750 0.035000 0.062500
1 0.482500 0.701250 0.041667 0.057500
1 0.610833 0.701250 0.038333 0.057500
1 0.538333 0.800000 0.040000 0.060000
1 0.748333 0.701250 0.033333 0.057500
1 0.882500 0.691250 0.025000 0.057500
1 0.930000 0.603750 0.023333 0.052500
1 0.819167 0.612500 0.031667 0.060000
1 0.877500 0.525000 0.028333 0.050000
1 0.934167 0.440000 0.031667 0.050000
1 0.877500 0.357500 0.038333 0.060000
1 0.810000 0.270000 0.040000 0.060000
1 0.815000 0.437500 0.026667 0.055000
1 0.747500 0.537500 0.038333 0.055000
1 0.680833 0.610000 0.035000 0.060000
1 0.539167 0.613750 0.038333 0.062500
1 0.609167 0.533750 0.035000 0.057500
1 0.470000 0.532500 0.043333 0.065000
1 0.400833 0.613750 0.038333 0.062500
1 0.337500 0.528750 0.048333 0.057500
1 0.269167 0.438750 0.028333 0.057500
1 0.191667 0.533750 0.030000 0.052500
1 0.133333 0.447500 0.033333 0.065000
1 0.205833 0.362500 0.028333 0.065000
1 0.270000 0.272500 0.040000 0.065000
1 0.340000 0.353750 0.046667 0.052500
1 0.405000 0.266250 0.050000 0.062500
1 0.404167 0.442500 0.041667 0.055000
1 0.478333 0.355000 0.050000 0.060000
1 0.541667 0.262500 0.043333 0.060000
1 0.686667 0.271250 0.046667 0.067500
1 0.616667 0.358750 0.040000 0.072500
1 0.548333 0.440000 0.040000 0.060000
1 0.674167 0.445000 0.035000 0.060000
1 0.751667 0.360000 0.040000 0.060000
