1 0.125611 0.365871 0.055718 0.096910
1 0.213099 0.379916 0.039101 0.063202
1 0.320137 0.356039 0.043988 0.074438
1 0.414956 0.393258 0.038123 0.081461
1 0.481427 0.343399 0.040078 0.082865
1 0.564516 0.378511 0.038123 0.077247
1 0.635386 0.398174 0.033236 0.074438
1 0.659824 0.320927 0.033236 0.068820
1 0.692082 0.259831 0.035191 0.078652
1 0.719941 0.363764 0.040078 0.073034
1 0.771750 0.305478 0.032258 0.085674
1 0.807429 0.383427 0.035191 0.078652
1 0.873412 0.383427 0.038123 0.056180
1 0.552297 0.283708 0.044966 0.078652
1 0.459922 0.294944 0.040078 0.075843
1 0.402248 0.273876 0.010753 0.070225
1 0.361681 0.290730 0.041056 0.070225
1 0.241447 0.239466 0.025415 0.071629
1 0.213587 0.305478 0.042033 0.066011
