0 0.082746 0.155367 0.123239 0.265537
0 0.241197 0.135593 0.102113 0.248588
0 0.411972 0.132768 0.105634 0.254237
0 0.580986 0.127119 0.105634 0.231638
0 0.750000 0.132768 0.112676 0.231638
0 0.911972 0.127119 0.112676 0.231638
0 0.080986 0.460452 0.112676 0.231638
0 0.244718 0.451977 0.109155 0.237288
0 0.410211 0.446328 0.102113 0.214689
0 0.579225 0.463277 0.123239 0.237288
0 0.744718 0.460452 0.137324 0.242938
0 0.919014 0.451977 0.105634 0.237288
0 0.915493 0.785311 0.105634 0.214689
0 0.737676 0.788136 0.109155 0.254237
0 0.586268 0.793785 0.116197 0.242938
0 0.411972 0.790960 0.105634 0.248588
0 0.250000 0.790960 0.105634 0.271186
0 0.077465 0.793785 0.126761 0.242938
